8 9 8
30
1 2 3 41 51 61 71
2 1 4 44 55 66 77
3 0 6 21 41 14 91
4 0 7 78 90 76 43
5 1 8 18 19 10 11
6 2 12 21 31 41 71
7 1 13 55 88 99 97
8 2 15 41 41 44 41
9 0 17 48 50 56 53
10 1 20 15 15 50 51
11 2 21 41 51 61 71
12 1 25 84 58 81 80
13 0 29 71 71 74 71
14 2 32 77 99 77 44
15 2 33 10 10 10 11
16 2 34 21 31 41 71
17 0 37 51 81 91 91
18 0 39 48 49 40 40
19 0 50 40 50 50 50
20 1 55 45 44 55 55
21 1 56 11 12 13 14
22 2 57 23 24 25 26
23 2 59 34 35 36 37
24 2 62 45 46 47 48
25 0 63 56 57 58 59
26 0 64 67 66 68 69
27 0 65 77 78 79 70
28 0 66 88 89 80 87
29 1 68 99 90 98 97
30 2 70 10 20 30 60