100 13 78
40
1 2 1 22 41 14 71
2 2 2 22 55 26 27
3 2 3 21 55 66 21
4 2 4 78 90 76 43
5 0 5 18 19 10 11
6 0 6 21 32 41 71
7 0 7 25 23 29 27
8 0 8 21 21 24 21
9 0 9 28 20 26 33
10 1 10 25 13 51 21
11 1 11 11 11 11 11
12 1 12 24 28 21 20
13 0 13 21 21 24 21
14 2 14 27 29 27 24
15 2 15 30 30 30 31
16 2 16 21 31 31 31
17 0 17 21 31 31 41
18 0 18 18 19 20 10
19 0 19 15 16 33 55
20 1 20 10 10 10 55
21 1 21 44 44 44 10
22 1 22 21 21 21 21
23 1 54 34 39 36 20
24 1 24 40 40 40 40
25 0 25 16 17 18 19
26 0 26 27 26 18 19
27 0 27 37 28 19 30
28 0 28 22 33 10 17
29 1 29 22 44 17 17
30 2 30 20 20 30 30
31 0 31 21 21 55 22
32 0 32 33 33 22 55
33 0 33 38 19 28 29
34 0 34 19 28 37 47
35 1 35 12 23 34 45
36 2 36 13 24 35 16
37 2 37 14 14 55 33
38 0 38 10 20 55 33
39 2 39 55 55 33 10
40 0 40 43 34 10 11