400 10 20
50
1 0 1 10 1 2 4
2 2 1 30 2 3 6
3 1 3 22 6 5 6
4 0 7 12 9 2 2
5 2 5 23 5 5 6
6 0 6 16 4 3 3
7 1 3 20 10 5 6
8 0 8 24 2 4 6
9 1 9 36 6 6 7
10 1 6 34 2 4 6
11 2 10 27 4 6 7
12 1 2 21 8 3 3
13 2 2 14 5 6 2
14 1 8 13 2 6 2
15 0 9 10 4 6 2
16 2 22 29 3 7 7
17 1 55 35 7 6 4
18 0 36 31 8 3 5
19 1 48 10 5 6 3
20 2 23 19 6 4 3
21 0 21 20 9 4 6
22 1 53 24 1 6 3 
23 1 50 33 12 2 8
24 2 34 12 10 7 6
25 0 44 31 6 2 3
26 2 12 7 6 7 6
27 2 3 10 2 5 7
28 1 1 15 7 2 7 
29 1 5 13 6 4 3
30 0 10 26 7 6 6
31 0 11 27 3 7 6
32 0 23 26 9 4 7
33 2 30 13 7 6 7
34 0 12 34 2 3 3
35 2 15 11 2 3 6
36 2 47 28 2 3 6
37 1 36 9 7 7 8
38 1 23 30 9 6 9
39 1 2 10 13 5 2 
40 2 46 19 5 4 3
41 0 33 16 8 6 6 
42 0 8 20 5 4 8
43 1 25 22 6 3 9
44 2 14 25 1 6 8
45 0 23 29 25 3 8
46 2 7 30 2 7 7
47 1 11 34 2 3 7
48 1 20 23 7 7 3
49 2 32 10 3 7 9
50 2 36 18 2 7 8
